{"cells":[{"cell_type":"code","execution_count":null,"metadata":{"colab":{"base_uri":"https://localhost:8080/"},"executionInfo":{"elapsed":4220,"status":"ok","timestamp":1682048796500,"user":{"displayName":"Daniel Wu","userId":"15752038833926935017"},"user_tz":240},"id":"YSfenqi_ytJG","outputId":"1a7debe5-c00e-4bfe-ee30-c64b43fe0cda"},"outputs":[{"output_type":"stream","name":"stdout","text":["Drive already mounted at /content/drive; to attempt to forcibly remount, call drive.mount(\"/content/drive\", force_remount=True).\n"]}],"source":["from google.colab import drive\n","drive.mount('/content/drive')"]},{"cell_type":"code","execution_count":null,"metadata":{"colab":{"base_uri":"https://localhost:8080/"},"executionInfo":{"elapsed":5,"status":"ok","timestamp":1682048796501,"user":{"displayName":"Daniel Wu","userId":"15752038833926935017"},"user_tz":240},"id":"KKCqvf3syydI","outputId":"f8d0cfad-f77c-466f-e95b-6c52a5441490"},"outputs":[{"output_type":"stream","name":"stdout","text":["/content/drive/.shortcut-targets-by-id/19Y1dy9JseYCYXPQnwNARoryGvoo7e12a/CS8803_DLM_Project_Shared/dcp\n","\u001b[0m\u001b[01;34mcheckpoints\u001b[0m/  main.ipynb   \u001b[01;34mmodel_net_checkpoints\u001b[0m/  \u001b[01;34m__pycache__\u001b[0m/\n","\u001b[01;34mdata\u001b[0m/         main.py      model.py                readme.md\n","data.py       main_sim.py  \u001b[01;34mpretrained\u001b[0m/             util.py\n"]}],"source":["\n","# change path - might have to add shortcut to drive\n","# %cd drive/MyDrive/dcp/\n","# %ls\n","%cd /content/drive/MyDrive/CS8803_DLM_Project_Shared/dcp/\n","%ls"]},{"cell_type":"code","execution_count":null,"metadata":{"colab":{"base_uri":"https://localhost:8080/"},"id":"9D-qvkj4zboC","outputId":"68fd3b58-438b-40ff-aaba-1bfe4b1b00a4","executionInfo":{"status":"ok","timestamp":1682048811985,"user_tz":240,"elapsed":12282,"user":{"displayName":"Daniel Wu","userId":"15752038833926935017"}}},"outputs":[{"output_type":"stream","name":"stdout","text":["Looking in indexes: https://pypi.org/simple, https://us-python.pkg.dev/colab-wheels/public/simple/\n","Requirement already satisfied: tensorboardX in /usr/local/lib/python3.9/dist-packages (2.6)\n","Requirement already satisfied: packaging in /usr/local/lib/python3.9/dist-packages (from tensorboardX) (23.1)\n","Requirement already satisfied: numpy in /usr/local/lib/python3.9/dist-packages (from tensorboardX) (1.22.4)\n","Requirement already satisfied: protobuf<4,>=3.8.0 in /usr/local/lib/python3.9/dist-packages (from tensorboardX) (3.20.3)\n","Looking in indexes: https://pypi.org/simple, https://us-python.pkg.dev/colab-wheels/public/simple/\n","Requirement already satisfied: scipy==1.5.2 in /usr/local/lib/python3.9/dist-packages (1.5.2)\n","Requirement already satisfied: numpy>=1.14.5 in /usr/local/lib/python3.9/dist-packages (from scipy==1.5.2) (1.22.4)\n"]}],"source":["!pip install tensorboardX\n","!pip install scipy==1.5.2"]},{"cell_type":"code","execution_count":null,"metadata":{"id":"A9nKWAmVyuhG","colab":{"base_uri":"https://localhost:8080/"},"executionInfo":{"status":"ok","timestamp":1682050097869,"user_tz":240,"elapsed":197,"user":{"displayName":"Daniel Wu","userId":"15752038833926935017"}},"outputId":"7fa10348-33a9-4649-c030-8605a3616536"},"outputs":[{"output_type":"stream","name":"stdout","text":["Imports successful!\n"]}],"source":["\n","\n","\n","from __future__ import print_function\n","import os\n","import gc\n","import argparse\n","import torch\n","import torch.nn as nn\n","import torch.nn.functional as F\n","import torch.optim as optim\n","from torch.optim.lr_scheduler import MultiStepLR\n","from data import ModelNet40\n","from model import DCP\n","from util import transform_point_cloud, npmat2euler\n","import numpy as np\n","import numpy.random as rand\n","from torch.utils.data import DataLoader\n","from tensorboardX import SummaryWriter\n","from tqdm import tqdm\n","print('Imports successful!')"]},{"cell_type":"code","source":["import os\n","import numpy as np\n","import torch\n","from torch.utils.data import Dataset, DataLoader\n","\n","# Load our simpified dataset for DCP\n","class LidarDataset(Dataset):\n","    def __init__(self, pairs_file, root):\n","        self.pairs = []\n","        with open(pairs_file, 'r') as f:\n","            for line in f:\n","                fields = line.strip().split()\n","                # get folder name of the point cloud data (e.g. expXX)\n","                folder_name = fields[0]\n","                # get lidar path\n","                lidar1 = os.path.join(root, folder_name, \"cloud\", fields[1])\n","                lidar2 = os.path.join(root, folder_name, \"cloud\", fields[2])\n","                # get transformation\n","                transformation = [float(x) for x in fields[5:]]\n","                self.pairs.append((lidar1, lidar2, transformation))\n","\n","    def __len__(self):\n","        return len(self.pairs)\n","\n","    def __getitem__(self, index):\n","        # load into numpy arrays\n","        lidar1 = np.load(self.pairs[index][0])\n","        lidar2 = np.load(self.pairs[index][1])\n","        trans = np.array(self.pairs[index][2], dtype=np.float32).reshape(4, 4)\n","        \n","        # augment\n","        lidar1, lidar2, trans = apply_augmentation(lidar1, lidar2, trans)\n","        \n","        # convert to tensor and organize into (C, H, W)\n","        lidar1 = torch.tensor(np.transpose(lidar1, (2, 0, 1)))\n","        lidar2 = torch.tensor(np.transpose(lidar2, (2, 0, 1)))\n","        trans = torch.tensor(trans)\n","        return lidar1, lidar2, trans\n","\n","\n","root = \"../dataset\"\n","\n","batch_size = 128\n","num_workers = 12\n","train_pairs_file = \"../sim_dataset/train.txt\"\n","train_dataset = LidarDataset(train_pairs_file, root)\n","train_dataloader = DataLoader(train_dataset, batch_size=batch_size, num_workers=num_workers, shuffle=True)\n","\n","test_pairs_file = \"../sim_dataset/test.txt\"\n","test_dataset = LidarDataset(test_pairs_file, root)\n","test_dataloader = DataLoader(test_dataset, batch_size=batch_size, num_workers=num_workers, shuffle=False)\n","\n","val_pairs_file = \"../sim_dataset/validation.txt\"\n","val_dataset = LidarDataset(val_pairs_file, root)\n","val_dataloader = DataLoader(val_dataset, batch_size=batch_size, num_workers=num_workers, shuffle=False)\n","\n","print(\"Number of samples in train set:\", len(train_dataset))\n","print(\"Number of samples in test set:\", len(test_dataset))\n","print(\"Number of samples in validation set:\", len(val_dataset))"],"metadata":{"id":"vU9xV4QHAzL1","colab":{"base_uri":"https://localhost:8080/"},"executionInfo":{"status":"ok","timestamp":1682048814744,"user_tz":240,"elapsed":2763,"user":{"displayName":"Daniel Wu","userId":"15752038833926935017"}},"outputId":"afb5c1a5-440d-4f2e-800f-603c3844dc08"},"execution_count":null,"outputs":[{"output_type":"stream","name":"stdout","text":["Number of samples in train set: 68163\n","Number of samples in test set: 27014\n","Number of samples in validation set: 9788\n"]}]},{"cell_type":"code","execution_count":null,"metadata":{"id":"BGEh9GKo2a-F","colab":{"base_uri":"https://localhost:8080/"},"outputId":"608f0c68-4c39-40af-baf7-5773213d80cc","executionInfo":{"status":"ok","timestamp":1682052454095,"user_tz":240,"elapsed":35738,"user":{"displayName":"Daniel Wu","userId":"15752038833926935017"}}},"outputs":[{"output_type":"stream","name":"stdout","text":["\u001b[1;30;43mStreaming output truncated to the last 5000 lines.\u001b[0m\n","\n","        [[ 0.8970, -0.3290,  0.2952],\n","         [ 0.3752,  0.9198, -0.1148],\n","         [-0.2338,  0.2137,  0.9485]],\n","\n","        [[ 0.7952, -0.4758,  0.3759],\n","         [ 0.5380,  0.8396, -0.0756],\n","         [-0.2796,  0.2623,  0.9236]],\n","\n","        [[ 0.6487, -0.4056,  0.6439],\n","         [ 0.7219,  0.5959, -0.3519],\n","         [-0.2410,  0.6931,  0.6794]],\n","\n","        [[ 0.8280, -0.3817,  0.4108],\n","         [ 0.4699,  0.8720, -0.1368],\n","         [-0.3060,  0.3063,  0.9014]],\n","\n","        [[ 0.6698, -0.6076,  0.4269],\n","         [ 0.7300,  0.6441, -0.2285],\n","         [-0.1361,  0.4647,  0.8749]],\n","\n","        [[ 0.9803, -0.0754,  0.1823],\n","         [ 0.1315,  0.9388, -0.3183],\n","         [-0.1472,  0.3360,  0.9303]],\n","\n","        [[ 0.8648, -0.4725,  0.1701],\n","         [ 0.4941,  0.8610, -0.1204],\n","         [-0.0895,  0.1881,  0.9781]],\n","\n","        [[ 0.9514, -0.0259,  0.3067],\n","         [ 0.0930,  0.9741, -0.2062],\n","         [-0.2934,  0.2247,  0.9292]],\n","\n","        [[ 0.8703, -0.3996,  0.2880],\n","         [ 0.4688,  0.8514, -0.2353],\n","         [-0.1512,  0.3398,  0.9283]],\n","\n","        [[ 0.7635, -0.6458,  0.0041],\n","         [ 0.5958,  0.7019, -0.3904],\n","         [ 0.2492,  0.3005,  0.9207]],\n","\n","        [[ 0.7263, -0.6304,  0.2740],\n","         [ 0.6767,  0.5859, -0.4459],\n","         [ 0.1206,  0.5092,  0.8521]],\n","\n","        [[ 0.7523, -0.2267,  0.6186],\n","         [ 0.3279,  0.9432, -0.0531],\n","         [-0.5715,  0.2428,  0.7839]],\n","\n","        [[ 0.7209, -0.1037,  0.6852],\n","         [ 0.2026,  0.9771, -0.0653],\n","         [-0.6627,  0.1859,  0.7254]],\n","\n","        [[ 0.7057, -0.6997,  0.1110],\n","         [ 0.7079,  0.6901, -0.1506],\n","         [ 0.0288,  0.1849,  0.9823]],\n","\n","        [[ 0.8712, -0.3906,  0.2972],\n","         [ 0.4147,  0.9097, -0.0199],\n","         [-0.2626,  0.1406,  0.9546]],\n","\n","        [[ 0.7607, -0.6305,  0.1541],\n","         [ 0.5365,  0.4772, -0.6960],\n","         [ 0.3652,  0.6122,  0.7013]],\n","\n","        [[ 0.9456, -0.3246,  0.0212],\n","         [ 0.2883,  0.8058, -0.5173],\n","         [ 0.1508,  0.4952,  0.8556]],\n","\n","        [[ 0.7232, -0.6527,  0.2260],\n","         [ 0.6004,  0.4323, -0.6728],\n","         [ 0.3414,  0.6222,  0.7045]],\n","\n","        [[ 0.9697, -0.1419,  0.1991],\n","         [ 0.1478,  0.9889, -0.0153],\n","         [-0.1947,  0.0443,  0.9799]],\n","\n","        [[ 0.8594, -0.4025,  0.3154],\n","         [ 0.5091,  0.7302, -0.4555],\n","         [-0.0470,  0.5521,  0.8325]],\n","\n","        [[ 0.9116, -0.1216,  0.3927],\n","         [ 0.2366,  0.9364, -0.2592],\n","         [-0.3362,  0.3292,  0.8824]],\n","\n","        [[ 0.7309, -0.2584,  0.6316],\n","         [ 0.6337,  0.6006, -0.4876],\n","         [-0.2534,  0.7566,  0.6028]],\n","\n","        [[ 0.8014, -0.4654,  0.3757],\n","         [ 0.5501,  0.8201, -0.1576],\n","         [-0.2348,  0.3329,  0.9133]],\n","\n","        [[ 0.9722, -0.2087,  0.1065],\n","         [ 0.2296,  0.7569, -0.6119],\n","         [ 0.0471,  0.6193,  0.7837]],\n","\n","        [[ 0.9077, -0.3650,  0.2069],\n","         [ 0.3872,  0.9187, -0.0783],\n","         [-0.1615,  0.1511,  0.9752]],\n","\n","        [[ 0.7944, -0.5615,  0.2317],\n","         [ 0.6000,  0.6660, -0.4432],\n","         [ 0.0945,  0.4911,  0.8660]],\n","\n","        [[ 0.7900, -0.5404,  0.2896],\n","         [ 0.5724,  0.4806, -0.6644],\n","         [ 0.2198,  0.6906,  0.6890]],\n","\n","        [[ 0.8450, -0.5054,  0.1747],\n","         [ 0.5201,  0.7011, -0.4877],\n","         [ 0.1240,  0.5030,  0.8553]]])\n","  9% 29/307 [00:16<02:29,  1.85it/s]src: tensor([[[ 7.8627e-02, -1.8511e-02,  1.6829e-02,  ...,  5.6461e-01,\n","           3.0591e-02,  5.6461e-01],\n","         [-7.7018e-01,  4.1210e-01, -6.1025e-01,  ..., -3.5047e-01,\n","           1.8866e-01,  3.8925e-01],\n","         [ 1.3297e-01, -1.2805e-01, -5.9611e-02,  ..., -3.7101e-02,\n","           9.5679e-02,  3.1969e-02]],\n","\n","        [[ 2.7820e-01,  6.0129e-02,  2.1031e-01,  ..., -4.3582e-01,\n","           6.0219e-02,  2.1345e-01],\n","         [-2.2575e-01, -1.1001e-01,  4.2860e-01,  ..., -3.2054e-01,\n","           3.3203e-01,  3.5307e-01],\n","         [ 1.0997e-01,  4.9195e-03,  1.0997e-01,  ..., -5.3523e-02,\n","          -1.6778e-01,  1.0997e-01]],\n","\n","        [[ 2.4612e-01,  1.8092e-01,  1.3404e-01,  ..., -6.5193e-02,\n","          -3.1374e-01, -1.7786e-02],\n","         [ 1.9495e-01, -2.4765e-01,  1.4989e-01,  ...,  8.0736e-02,\n","           1.6335e-01,  6.0982e-02],\n","         [-2.5687e-01, -5.3899e-01, -9.4044e-01,  ..., -5.1156e-01,\n","           9.0765e-01,  7.0699e-01]],\n","\n","        ...,\n","\n","        [[-2.1216e-01, -1.6940e-01,  1.4377e-01,  ..., -1.6135e-01,\n","           1.7883e-01,  2.2174e-01],\n","         [ 9.2748e-02, -1.4365e-01,  1.0567e-01,  ..., -2.6292e-02,\n","          -2.0340e-01,  9.2748e-02],\n","         [ 7.4056e-01,  5.4791e-01, -4.3778e-01,  ...,  5.5422e-01,\n","          -5.6493e-01,  3.5366e-01]],\n","\n","        [[ 3.0651e-01,  6.7199e-01, -4.3868e-01,  ...,  5.2479e-01,\n","          -1.9666e-01, -5.3165e-01],\n","         [ 6.1949e-01,  6.2062e-01, -1.7923e-01,  ...,  2.3492e-01,\n","          -1.7923e-01,  2.6450e-01],\n","         [ 8.7843e-02, -8.2049e-02, -7.3990e-02,  ...,  4.8138e-02,\n","          -1.1397e-01, -7.4946e-04]],\n","\n","        [[-1.0632e-01,  4.6850e-01,  1.2114e-01,  ...,  2.4791e-01,\n","           2.2896e-01, -1.6985e-01],\n","         [-5.6827e-01, -7.5149e-01, -2.9776e-01,  ..., -3.3281e-01,\n","          -8.5188e-01,  6.3860e-01],\n","         [ 1.4670e-01, -6.9716e-02, -3.2415e-02,  ...,  1.1311e-02,\n","           1.2963e-01,  1.4670e-01]]])\n","target: tensor([[[ 0.5883,  0.7518, -0.4813,  ..., -0.5211, -0.5607,  0.1250],\n","         [-0.0027,  0.6161,  0.7511,  ...,  0.4022,  0.7366, -0.1616],\n","         [-0.3261, -0.0098,  0.4910,  ...,  0.0448,  0.4243, -0.6872]],\n","\n","        [[-0.3662, -0.3693, -0.2425,  ..., -0.6471,  0.2373, -0.0070],\n","         [ 0.2766, -0.6499,  0.1211,  ..., -0.3841, -0.5361,  0.0400],\n","         [-0.4830, -0.3427, -0.5790,  ..., -0.3173, -0.9053, -0.7017]],\n","\n","        [[-0.0164,  0.2459,  0.3196,  ..., -0.3750,  0.0065, -0.0340],\n","         [-0.1645,  0.3401,  0.2817,  ...,  0.1662, -0.0543,  0.2059],\n","         [-0.2327,  0.1135,  0.1055,  ..., -0.5510, -0.4748, -0.1369]],\n","\n","        ...,\n","\n","        [[ 0.0080, -0.4356,  0.0421,  ...,  0.3837,  0.2170,  0.0898],\n","         [ 0.0495,  0.3935,  0.0456,  ..., -0.0179,  0.4469,  0.3636],\n","         [ 0.0584, -0.9559,  0.1152,  ...,  0.0028, -0.6238, -0.2687]],\n","\n","        [[ 0.1559, -0.0641, -0.8049,  ..., -0.6981, -0.4563,  0.0770],\n","         [-0.0106,  0.3652, -0.4788,  ..., -0.1104, -0.7123,  0.4519],\n","         [ 0.1362,  0.3319,  0.2212,  ...,  0.5499, -0.1160,  0.3002]],\n","\n","        [[-0.3080,  0.0557,  0.3462,  ..., -0.4358, -0.3732,  0.0064],\n","         [ 1.0383,  0.6061, -0.2404,  ..., -0.4011,  0.9255,  1.1287],\n","         [ 0.3654,  0.4223,  0.0220,  ...,  0.0600,  0.6939,  0.6144]]])\n","rotation_ab: tensor([[[ 0.8133, -0.5811,  0.0303],\n","         [ 0.4443,  0.5866, -0.6772],\n","         [ 0.3757,  0.5642,  0.7352]],\n","\n","        [[ 0.7701, -0.2933,  0.5665],\n","         [ 0.4685,  0.8627, -0.1904],\n","         [-0.4328,  0.4121,  0.8018]],\n","\n","        [[ 0.8195, -0.4417,  0.3652],\n","         [ 0.5267,  0.8316, -0.1761],\n","         [-0.2259,  0.3366,  0.9141]],\n","\n","        [[ 0.8199, -0.4438,  0.3616],\n","         [ 0.5641,  0.5194, -0.6419],\n","         [ 0.0971,  0.7303,  0.6762]],\n","\n","        [[ 0.9081, -0.3541,  0.2237],\n","         [ 0.4153,  0.6919, -0.5906],\n","         [ 0.0544,  0.6292,  0.7753]],\n","\n","        [[ 0.8731, -0.4822,  0.0727],\n","         [ 0.4144,  0.6551, -0.6317],\n","         [ 0.2570,  0.5817,  0.7718]],\n","\n","        [[ 0.9672, -0.0226,  0.2532],\n","         [ 0.1173,  0.9233, -0.3657],\n","         [-0.2255,  0.3834,  0.8957]],\n","\n","        [[ 0.9957, -0.0448,  0.0813],\n","         [ 0.0791,  0.8682, -0.4899],\n","         [-0.0486,  0.4942,  0.8680]],\n","\n","        [[ 0.7301, -0.1545,  0.6656],\n","         [ 0.3332,  0.9310, -0.1494],\n","         [-0.5966,  0.3308,  0.7312]],\n","\n","        [[ 0.7036, -0.6092,  0.3659],\n","         [ 0.7106,  0.5997, -0.3679],\n","         [ 0.0047,  0.5189,  0.8548]],\n","\n","        [[ 0.6753, -0.4676,  0.5704],\n","         [ 0.6728,  0.7074, -0.2165],\n","         [-0.3023,  0.5300,  0.7923]],\n","\n","        [[ 0.9209, -0.3700,  0.1225],\n","         [ 0.3878,  0.9008, -0.1951],\n","         [-0.0382,  0.2272,  0.9731]],\n","\n","        [[ 0.6109, -0.4587,  0.6453],\n","         [ 0.7917,  0.3574, -0.4955],\n","         [-0.0034,  0.8136,  0.5814]],\n","\n","        [[ 0.9049, -0.4231,  0.0452],\n","         [ 0.4250,  0.9042, -0.0434],\n","         [-0.0225,  0.0585,  0.9980]],\n","\n","        [[ 0.6616, -0.6243,  0.4155],\n","         [ 0.7212,  0.6814, -0.1246],\n","         [-0.2053,  0.3821,  0.9010]],\n","\n","        [[ 0.7578, -0.1799,  0.6272],\n","         [ 0.3255,  0.9373, -0.1244],\n","         [-0.5655,  0.2984,  0.7688]],\n","\n","        [[ 0.9372, -0.3390,  0.0814],\n","         [ 0.3434,  0.8575, -0.3832],\n","         [ 0.0601,  0.3871,  0.9201]],\n","\n","        [[ 0.7487, -0.3795,  0.5435],\n","         [ 0.6620,  0.4718, -0.5824],\n","         [-0.0354,  0.7958,  0.6045]],\n","\n","        [[ 0.7007, -0.6009,  0.3845],\n","         [ 0.7116,  0.6276, -0.3158],\n","         [-0.0516,  0.4949,  0.8674]],\n","\n","        [[ 0.9088, -0.1458,  0.3910],\n","         [ 0.3203,  0.8442, -0.4298],\n","         [-0.2674,  0.5158,  0.8139]],\n","\n","        [[ 0.8540, -0.5172,  0.0554],\n","         [ 0.4983,  0.7829, -0.3725],\n","         [ 0.1493,  0.3457,  0.9264]],\n","\n","        [[ 0.6823, -0.6448,  0.3445],\n","         [ 0.7257,  0.6545, -0.2122],\n","         [-0.0886,  0.3948,  0.9145]],\n","\n","        [[ 0.7437, -0.6671,  0.0422],\n","         [ 0.5786,  0.6108, -0.5406],\n","         [ 0.3349,  0.4265,  0.8402]],\n","\n","        [[ 0.7168, -0.4570,  0.5267],\n","         [ 0.5868,  0.8034, -0.1014],\n","         [-0.3768,  0.3817,  0.8440]],\n","\n","        [[ 0.8907, -0.2017,  0.4074],\n","         [ 0.2640,  0.9591, -0.1022],\n","         [-0.3701,  0.1986,  0.9075]],\n","\n","        [[ 0.6351, -0.6332,  0.4425],\n","         [ 0.7712,  0.4865, -0.4106],\n","         [ 0.0447,  0.6020,  0.7972]],\n","\n","        [[ 0.5353, -0.4991,  0.6815],\n","         [ 0.8445,  0.3332, -0.4193],\n","         [-0.0178,  0.7999,  0.5998]],\n","\n","        [[ 0.8226, -0.4005,  0.4037],\n","         [ 0.5528,  0.7296, -0.4026],\n","         [-0.1333,  0.5543,  0.8216]],\n","\n","        [[ 0.7795, -0.6152,  0.1179],\n","         [ 0.6158,  0.7182, -0.3238],\n","         [ 0.1145,  0.3250,  0.9387]],\n","\n","        [[ 0.8035, -0.1655,  0.5718],\n","         [ 0.2321,  0.9717, -0.0449],\n","         [-0.5481,  0.1688,  0.8192]],\n","\n","        [[ 0.8093, -0.3677,  0.4582],\n","         [ 0.5354,  0.7826, -0.3177],\n","         [-0.2417,  0.5024,  0.8301]],\n","\n","        [[ 0.9805, -0.0535,  0.1890],\n","         [ 0.1177,  0.9304, -0.3472],\n","         [-0.1573,  0.3627,  0.9185]]])\n"," 10% 30/307 [00:16<02:29,  1.85it/s]src: tensor([[[-0.1350,  0.0777, -0.2734,  ..., -0.4823,  0.5640,  0.0063],\n","         [-0.2091, -0.1463, -0.1493,  ..., -0.0564,  0.1970, -0.2248],\n","         [-0.5370,  0.1119, -0.6343,  ..., -0.5777, -0.0607,  0.2983]],\n","\n","        [[-0.1562, -0.3522, -0.1359,  ...,  0.3382,  0.2567,  0.2332],\n","         [ 0.1430, -0.0630, -0.0113,  ...,  0.5856, -0.0803, -0.1215],\n","         [ 0.2295, -0.0099, -0.2925,  ...,  0.2515, -0.3095, -0.3123]],\n","\n","        [[ 0.0258, -0.2007,  0.3584,  ...,  0.2261, -0.3479, -0.3124],\n","         [-0.1703, -0.1721, -0.2210,  ..., -0.5728, -0.0311,  0.4330],\n","         [-0.1791, -0.0766,  0.1905,  ..., -0.2055,  0.1619,  0.4085]],\n","\n","        ...,\n","\n","        [[ 0.6205, -0.7936,  0.2585,  ..., -0.2365, -0.5849, -0.8383],\n","         [-0.4569,  0.5062, -0.4575,  ..., -0.4575,  0.5062,  0.0698],\n","         [-0.2668, -0.0273,  0.2219,  ..., -0.0908, -0.0440,  0.0048]],\n","\n","        [[ 0.3051, -0.3084,  0.2627,  ...,  0.2438,  0.4902, -0.2665],\n","         [ 0.2922, -0.3262, -0.5830,  ..., -0.4077, -0.5149, -0.0111],\n","         [ 0.0830, -0.0214, -0.1223,  ..., -0.0463,  0.1092, -0.3127]],\n","\n","        [[-0.4491, -0.0165,  0.3235,  ...,  0.2039, -0.0965,  0.0547],\n","         [ 0.0868, -0.2246,  0.0868,  ..., -0.1820, -0.2858,  0.0707],\n","         [-0.4175, -0.3494, -0.2316,  ..., -0.4664, -0.4579,  0.1007]]])\n","target: tensor([[[-0.2739, -0.9781,  0.0534,  ..., -0.5879, -0.0770, -0.4347],\n","         [-0.2281, -0.5812, -0.1701,  ..., -0.1180, -0.4124, -0.2311],\n","         [ 0.6920,  0.3013,  0.3645,  ...,  0.8756,  0.6031, -0.2779]],\n","\n","        [[-0.0630, -0.3593, -0.2313,  ..., -0.0860, -0.6803, -0.4561],\n","         [-0.1526,  0.3466, -0.1769,  ..., -0.4385, -0.6898, -0.1888],\n","         [-0.4971,  0.1575, -0.1158,  ..., -0.9393, -0.8054, -0.6727]],\n","\n","        [[ 0.8201,  0.5068,  0.1892,  ...,  0.7490,  0.3983,  0.1821],\n","         [ 0.3857,  0.0807,  0.5555,  ...,  0.4344, -0.0347,  0.4013],\n","         [ 0.2685, -0.1356,  0.5480,  ...,  0.3260, -0.4882, -0.4885]],\n","\n","        ...,\n","\n","        [[ 0.1586, -0.3316,  0.2415,  ...,  0.5844,  0.1622,  0.1967],\n","         [ 0.1602,  0.0954,  0.4196,  ...,  0.0077, -0.4313,  0.1928],\n","         [ 0.2479,  0.5864,  0.6439,  ..., -0.1507,  0.6406,  0.6637]],\n","\n","        [[ 0.2380,  0.1731,  0.1175,  ..., -0.3901, -0.9569, -0.1602],\n","         [ 0.1455,  0.0677,  0.0854,  ...,  0.0464,  0.8060,  0.1178],\n","         [-0.2784, -0.3279, -0.0192,  ..., -0.0479, -0.1207, -0.4934]],\n","\n","        [[ 0.2553, -0.2808,  0.5696,  ..., -0.4043,  0.7666,  0.7271],\n","         [-0.1927, -0.2905, -0.1720,  ..., -0.4772, -0.4947, -0.4509],\n","         [-0.0777, -0.2330,  0.0630,  ..., -0.4684,  0.3960,  0.3238]]])\n","rotation_ab: tensor([[[ 0.9463, -0.1613,  0.2801],\n","         [ 0.2687,  0.8741, -0.4047],\n","         [-0.1796,  0.4582,  0.8705]],\n","\n","        [[ 0.9313, -0.1333,  0.3389],\n","         [ 0.2354,  0.9304, -0.2811],\n","         [-0.2778,  0.3415,  0.8979]],\n","\n","        [[ 0.9905, -0.0270,  0.1345],\n","         [ 0.0816,  0.9040, -0.4197],\n","         [-0.1103,  0.4267,  0.8977]],\n","\n","        [[ 0.9163, -0.1325,  0.3779],\n","         [ 0.2482,  0.9285, -0.2761],\n","         [-0.3143,  0.3468,  0.8837]],\n","\n","        [[ 0.7182, -0.0406,  0.6947],\n","         [ 0.5125,  0.7061, -0.4886],\n","         [-0.4707,  0.7069,  0.5279]],\n","\n","        [[ 0.9140, -0.0856,  0.3967],\n","         [ 0.2515,  0.8867, -0.3880],\n","         [-0.3185,  0.4544,  0.8319]],\n","\n","        [[ 0.8547, -0.3226,  0.4067],\n","         [ 0.4012,  0.9077, -0.1231],\n","         [-0.3294,  0.2684,  0.9052]],\n","\n","        [[ 0.7139, -0.2896,  0.6376],\n","         [ 0.4255,  0.9025, -0.0665],\n","         [-0.5562,  0.3188,  0.7675]],\n","\n","        [[ 0.8825, -0.4157,  0.2200],\n","         [ 0.4639,  0.8463, -0.2617],\n","         [-0.0774,  0.3330,  0.9397]],\n","\n","        [[ 0.9110, -0.4042,  0.0816],\n","         [ 0.4105,  0.9077, -0.0871],\n","         [-0.0389,  0.1128,  0.9929]],\n","\n","        [[ 0.9867, -0.0032,  0.1628],\n","         [ 0.0820,  0.8737, -0.4795],\n","         [-0.1407,  0.4864,  0.8623]],\n","\n","        [[ 0.7694, -0.6237,  0.1379],\n","         [ 0.6357,  0.7689, -0.0687],\n","         [-0.0632,  0.1405,  0.9881]],\n","\n","        [[ 0.8040, -0.5800,  0.1311],\n","         [ 0.5884,  0.7444, -0.3157],\n","         [ 0.0855,  0.3309,  0.9398]],\n","\n","        [[ 0.7281, -0.6304,  0.2692],\n","         [ 0.6764,  0.7243, -0.1332],\n","         [-0.1110,  0.2791,  0.9538]],\n","\n","        [[ 0.9028, -0.4220,  0.0832],\n","         [ 0.3641,  0.6470, -0.6700],\n","         [ 0.2289,  0.6351,  0.7377]],\n","\n","        [[ 0.7880, -0.2967,  0.5396],\n","         [ 0.4480,  0.8773, -0.1720],\n","         [-0.4224,  0.3772,  0.8242]],\n","\n","        [[ 0.8414, -0.1611,  0.5158],\n","         [ 0.4299,  0.7779, -0.4583],\n","         [-0.3274,  0.6074,  0.7238]],\n","\n","        [[ 0.7114, -0.4962,  0.4977],\n","         [ 0.6706,  0.6911, -0.2695],\n","         [-0.2102,  0.5255,  0.8244]],\n","\n","        [[ 0.9436, -0.0055,  0.3310],\n","         [ 0.0841,  0.9710, -0.2237],\n","         [-0.3202,  0.2389,  0.9167]],\n","\n","        [[ 0.6209, -0.3799,  0.6857],\n","         [ 0.5243,  0.8515, -0.0030],\n","         [-0.5828,  0.3614,  0.7279]],\n","\n","        [[ 0.8101, -0.3202,  0.4911],\n","         [ 0.5666,  0.6427, -0.5157],\n","         [-0.1505,  0.6960,  0.7021]],\n","\n","        [[ 0.9935, -0.0693,  0.0903],\n","         [ 0.0772,  0.9932, -0.0874],\n","         [-0.0837,  0.0938,  0.9921]],\n","\n","        [[ 0.8183, -0.2747,  0.5049],\n","         [ 0.3333,  0.9424, -0.0276],\n","         [-0.4682,  0.1909,  0.8627]],\n","\n","        [[ 0.8183, -0.2753,  0.5046],\n","         [ 0.4154,  0.8900, -0.1881],\n","         [-0.3973,  0.3635,  0.8426]],\n","\n","        [[ 0.9189, -0.3301,  0.2159],\n","         [ 0.3891,  0.6689, -0.6334],\n","         [ 0.0647,  0.6661,  0.7431]],\n","\n","        [[ 0.8171, -0.2712,  0.5087],\n","         [ 0.5032,  0.7661, -0.3998],\n","         [-0.2813,  0.5827,  0.7625]],\n","\n","        [[ 0.8147, -0.4242,  0.3955],\n","         [ 0.5686,  0.7186, -0.4004],\n","         [-0.1143,  0.5511,  0.8266]],\n","\n","        [[ 0.6858, -0.6596,  0.3076],\n","         [ 0.6694,  0.4058, -0.6223],\n","         [ 0.2856,  0.6327,  0.7198]],\n","\n","        [[ 0.7680, -0.2499,  0.5897],\n","         [ 0.5662,  0.6953, -0.4427],\n","         [-0.2994,  0.6739,  0.6755]],\n","\n","        [[ 0.7749, -0.2805,  0.5664],\n","         [ 0.3659,  0.9298, -0.0401],\n","         [-0.5154,  0.2383,  0.8232]],\n","\n","        [[ 0.7032, -0.6011,  0.3797],\n","         [ 0.7032,  0.6668, -0.2468],\n","         [-0.1049,  0.4405,  0.8916]],\n","\n","        [[ 0.8392, -0.3227,  0.4378],\n","         [ 0.5410,  0.5771, -0.6118],\n","         [-0.0553,  0.7502,  0.6589]]])\n"," 10% 31/307 [00:17<02:28,  1.85it/s]src: tensor([[[-0.7117, -0.6743, -0.6074,  ..., -0.0017, -0.7810, -0.7810],\n","         [-0.5119, -0.2899, -0.5194,  ...,  0.4671, -0.4726, -0.1796],\n","         [ 0.1818,  0.1465, -0.3481,  ..., -0.1326, -0.0321,  0.1663]],\n","\n","        [[-0.0439, -0.2619,  0.0599,  ...,  0.0937,  0.0437,  0.3603],\n","         [-0.0548, -0.0973, -0.0187,  ...,  0.0542,  0.0902, -0.0047],\n","         [ 0.3890, -0.2714, -0.1576,  ...,  0.7639,  0.4449, -0.0836]],\n","\n","        [[-0.3174,  0.5518,  0.3708,  ..., -0.3269,  0.3661, -0.6841],\n","         [ 0.5222,  0.5487,  0.4819,  ..., -0.5236, -0.5631, -0.2280],\n","         [ 0.1323,  0.1323,  0.0881,  ...,  0.0814, -0.1998, -0.0357]],\n","\n","        ...,\n","\n","        [[ 0.4311,  0.3619, -0.5339,  ..., -0.0334,  0.7426, -0.3146],\n","         [ 0.5300, -0.2914, -0.3087,  ..., -0.2594, -0.3422, -0.3070],\n","         [-0.0080,  0.2628,  0.2628,  ..., -0.2415, -0.3409, -0.3202]],\n","\n","        [[-0.3789, -0.5085,  0.8323,  ...,  0.3287,  0.6226,  0.5324],\n","         [ 0.2376, -0.0890,  0.0615,  ..., -0.1191, -0.0896, -0.0687],\n","         [ 0.3856, -0.1128,  0.3745,  ..., -0.3066,  0.2193,  0.0955]],\n","\n","        [[ 0.0274,  0.1457, -0.2387,  ..., -0.0938, -0.1442, -0.1167],\n","         [-0.1181,  0.0366, -0.1181,  ...,  0.0366,  0.0366, -0.1732],\n","         [ 0.1693, -0.0506, -0.6057,  ...,  0.5826,  0.1734,  0.8373]]])\n","target: tensor([[[-6.7324e-01,  4.5957e-01,  6.9173e-03,  ...,  2.2093e-02,\n","          -6.5168e-01, -6.7047e-01],\n","         [-4.8474e-01, -1.4751e-01,  5.4795e-03,  ...,  2.1415e-01,\n","          -6.0665e-01, -7.9688e-01],\n","         [ 2.9032e-01,  3.5936e-01, -6.3763e-04,  ...,  4.6630e-01,\n","           1.4075e-02,  5.8569e-01]],\n","\n","        [[-3.2839e-01, -2.6633e-01, -7.5487e-01,  ...,  2.3189e-02,\n","          -6.4110e-01, -2.5143e-01],\n","         [-4.2950e-01, -3.2579e-01, -1.4485e-01,  ..., -4.3657e-01,\n","           6.2988e-02,  5.8464e-02],\n","         [ 8.9177e-01,  7.8571e-01,  3.0547e-01,  ...,  1.0215e+00,\n","           7.4961e-02,  1.1279e-01]],\n","\n","        [[ 3.0295e-01,  7.4921e-01,  9.5553e-01,  ...,  6.6852e-01,\n","           1.0885e+00,  1.1989e+00],\n","         [-4.3471e-01, -2.3425e-01,  2.1813e-01,  ...,  2.5595e-01,\n","           1.3229e-01,  8.9554e-02],\n","         [ 3.1545e-02, -1.0579e-01, -3.7149e-01,  ...,  1.3646e-01,\n","          -2.0981e-01, -3.1465e-01]],\n","\n","        ...,\n","\n","        [[-2.7644e-01, -2.0210e-01, -1.0059e+00,  ..., -5.2268e-01,\n","           2.6152e-03, -3.8100e-02],\n","         [-9.1016e-02,  6.5778e-01, -7.5504e-02,  ...,  6.1874e-01,\n","           2.1347e-01,  2.7403e-01],\n","         [-4.0432e-01, -2.7335e-01, -1.2005e-01,  ...,  1.7032e-01,\n","          -5.1271e-01, -5.0532e-01]],\n","\n","        [[ 8.4555e-01,  4.0530e-01,  7.5356e-01,  ...,  2.1045e-01,\n","          -2.1225e-01,  2.2808e-01],\n","         [-2.5695e-01, -5.4348e-01, -1.6941e-01,  ..., -1.0321e+00,\n","          -6.5255e-01, -5.3715e-01],\n","         [ 2.1288e-01,  2.7100e-01,  7.9342e-01,  ...,  7.4039e-01,\n","           2.3856e-01,  1.9687e-01]],\n","\n","        [[ 1.7274e-01, -8.0627e-02,  5.2073e-01,  ...,  4.0550e-01,\n","           4.5936e-01, -2.1371e-01],\n","         [-8.5098e-02,  3.4705e-01, -1.9853e-01,  ..., -3.2989e-02,\n","          -7.7337e-02,  7.0376e-01],\n","         [ 3.6982e-01, -7.6829e-01,  6.0866e-01,  ...,  8.3852e-01,\n","           2.7808e-02, -6.9011e-01]]])\n","rotation_ab: tensor([[[ 0.8142, -0.4488,  0.3684],\n","         [ 0.5780,  0.5665, -0.5873],\n","         [ 0.0549,  0.6911,  0.7207]],\n","\n","        [[ 0.9375, -0.1780,  0.2991],\n","         [ 0.3233,  0.7638, -0.5587],\n","         [-0.1290,  0.6205,  0.7736]],\n","\n","        [[ 0.7333, -0.4400,  0.5184],\n","         [ 0.6783,  0.5268, -0.5123],\n","         [-0.0477,  0.7273,  0.6847]],\n","\n","        [[ 0.9030, -0.1592,  0.3991],\n","         [ 0.3065,  0.8896, -0.3385],\n","         [-0.3012,  0.4280,  0.8521]],\n","\n","        [[ 0.8542, -0.0480,  0.5178],\n","         [ 0.3614,  0.7707, -0.5248],\n","         [-0.3739,  0.6354,  0.6757]],\n","\n","        [[ 0.9033, -0.4282,  0.0253],\n","         [ 0.3463,  0.6932, -0.6321],\n","         [ 0.2531,  0.5798,  0.7745]],\n","\n","        [[ 0.7771, -0.1523,  0.6107],\n","         [ 0.4831,  0.7662, -0.4237],\n","         [-0.4034,  0.6243,  0.6690]],\n","\n","        [[ 0.7337, -0.6491,  0.2008],\n","         [ 0.6773,  0.7220, -0.1413],\n","         [-0.0533,  0.2397,  0.9694]],\n","\n","        [[ 0.7397, -0.5473,  0.3915],\n","         [ 0.6651,  0.6829, -0.3021],\n","         [-0.1020,  0.4839,  0.8692]],\n","\n","        [[ 0.5141, -0.4969,  0.6992],\n","         [ 0.7759,  0.6169, -0.1321],\n","         [-0.3657,  0.6104,  0.7027]],\n","\n","        [[ 0.8591, -0.4457,  0.2517],\n","         [ 0.4978,  0.8419, -0.2082],\n","         [-0.1191,  0.3042,  0.9451]],\n","\n","        [[ 0.6799, -0.6119,  0.4041],\n","         [ 0.7276,  0.6317, -0.2676],\n","         [-0.0915,  0.4759,  0.8747]],\n","\n","        [[ 0.9852, -0.1706,  0.0190],\n","         [ 0.1635,  0.8992, -0.4058],\n","         [ 0.0521,  0.4029,  0.9137]],\n","\n","        [[ 0.6239, -0.5190,  0.5843],\n","         [ 0.7609,  0.5738, -0.3029],\n","         [-0.1780,  0.6336,  0.7529]],\n","\n","        [[ 0.6526, -0.6273,  0.4250],\n","         [ 0.7576,  0.5299, -0.3811],\n","         [ 0.0139,  0.5707,  0.8211]],\n","\n","        [[ 0.6626, -0.3961,  0.6356],\n","         [ 0.6288,  0.7553, -0.1849],\n","         [-0.4069,  0.5222,  0.7495]],\n","\n","        [[ 0.7986, -0.2645,  0.5406],\n","         [ 0.4716,  0.8331, -0.2892],\n","         [-0.3739,  0.4859,  0.7900]],\n","\n","        [[ 0.9905, -0.0085,  0.1372],\n","         [ 0.0229,  0.9943, -0.1043],\n","         [-0.1356,  0.1064,  0.9850]],\n","\n","        [[ 0.9968, -0.0713,  0.0353],\n","         [ 0.0789,  0.9431, -0.3230],\n","         [-0.0102,  0.3248,  0.9457]],\n","\n","        [[ 0.8940, -0.4355,  0.1057],\n","         [ 0.4414,  0.8149, -0.3757],\n","         [ 0.0775,  0.3825,  0.9207]],\n","\n","        [[ 0.6639, -0.5524,  0.5042],\n","         [ 0.7202,  0.6538, -0.2319],\n","         [-0.2015,  0.5171,  0.8319]],\n","\n","        [[ 0.7095, -0.5806,  0.3993],\n","         [ 0.6901,  0.6871, -0.2272],\n","         [-0.1425,  0.4368,  0.8882]],\n","\n","        [[ 0.8606, -0.4984,  0.1052],\n","         [ 0.4641,  0.6822, -0.5649],\n","         [ 0.2098,  0.5350,  0.8184]],\n","\n","        [[ 0.5940, -0.5737,  0.5640],\n","         [ 0.7747,  0.5968, -0.2089],\n","         [-0.2168,  0.5610,  0.7989]],\n","\n","        [[ 0.6998, -0.2133,  0.6818],\n","         [ 0.6640,  0.5462, -0.5107],\n","         [-0.2634,  0.8101,  0.5238]],\n","\n","        [[ 0.7603, -0.3226,  0.5638],\n","         [ 0.5054,  0.8390, -0.2014],\n","         [-0.4081,  0.4381,  0.8009]],\n","\n","        [[ 0.7677, -0.1524,  0.6224],\n","         [ 0.4943,  0.7589, -0.4239],\n","         [-0.4077,  0.6332,  0.6579]],\n","\n","        [[ 0.9186, -0.0229,  0.3945],\n","         [ 0.1904,  0.9005, -0.3910],\n","         [-0.3462,  0.4343,  0.8316]],\n","\n","        [[ 0.7088, -0.3909,  0.5873],\n","         [ 0.6164,  0.7479, -0.2462],\n","         [-0.3430,  0.5365,  0.7711]],\n","\n","        [[ 0.7914, -0.2611,  0.5528],\n","         [ 0.4539,  0.8567, -0.2452],\n","         [-0.4095,  0.4449,  0.7964]],\n","\n","        [[ 0.7693, -0.3880,  0.5075],\n","         [ 0.5990,  0.7143, -0.3620],\n","         [-0.2221,  0.5825,  0.7819]],\n","\n","        [[ 0.8694, -0.2314,  0.4365],\n","         [ 0.4092,  0.8324, -0.3737],\n","         [-0.2769,  0.5035,  0.8184]]])\n"," 10% 32/307 [00:17<02:28,  1.86it/s]src: tensor([[[-9.9467e-02,  2.0760e-01, -5.4209e-01,  ..., -4.2903e-01,\n","          -4.9116e-01,  1.1669e-01],\n","         [-6.9044e-01, -1.9311e-01, -4.2856e-01,  ..., -8.6097e-03,\n","          -5.0984e-01,  8.3617e-01],\n","         [ 2.2380e-01,  4.9591e-01, -8.0016e-02,  ...,  3.3431e-01,\n","           2.3947e-01, -4.4736e-01]],\n","\n","        [[-4.2831e-02, -6.4848e-01,  2.7133e-01,  ..., -9.6748e-03,\n","           2.7133e-01,  1.9878e-01],\n","         [-9.5234e-02, -9.3803e-02, -2.3413e-03,  ..., -9.3803e-02,\n","           4.5545e-01, -9.4843e-02],\n","         [ 2.7605e-01, -4.7858e-01, -1.5391e-01,  ..., -2.2389e-01,\n","          -3.6868e-02, -5.6426e-01]],\n","\n","        [[ 6.4470e-01,  9.8748e-02,  5.9314e-01,  ...,  2.1963e-01,\n","          -6.1998e-01, -3.3231e-01],\n","         [-4.5713e-01, -2.2810e-02, -5.2799e-01,  ..., -1.6884e-01,\n","           4.1543e-01,  8.2148e-01],\n","         [ 2.0337e-02, -7.2627e-01, -4.0030e-02,  ..., -7.1675e-01,\n","           2.1606e-02,  4.4289e-01]],\n","\n","        ...,\n","\n","        [[ 1.0575e-01,  1.3680e-01, -8.9108e-02,  ..., -1.6028e-01,\n","           1.0755e-01,  1.8562e-01],\n","         [-3.4135e-02, -1.7057e-02,  1.9504e-03,  ..., -2.2835e-02,\n","          -3.4471e-02,  1.3443e-02],\n","         [-2.5440e-01, -2.8149e-01, -4.7436e-01,  ..., -1.0190e-01,\n","          -4.3070e-01, -5.3962e-01]],\n","\n","        [[ 2.7981e-01,  2.7981e-01,  3.0608e-01,  ...,  9.7106e-02,\n","          -3.0547e-01,  4.7410e-04],\n","         [-8.6114e-02,  1.2601e-01,  2.9754e-01,  ...,  2.0998e-02,\n","          -9.1276e-03, -8.8208e-02],\n","         [ 2.9038e-01,  5.7297e-01, -3.7947e-01,  ..., -3.3791e-01,\n","          -6.4024e-01,  6.1494e-02]],\n","\n","        [[ 2.6857e-01, -5.4664e-01, -5.3234e-01,  ...,  1.9975e-01,\n","           1.4587e-01,  3.8364e-01],\n","         [ 1.4810e-02, -2.2167e-01, -1.6352e-01,  ...,  1.3234e-01,\n","           4.7962e-01, -5.9228e-01],\n","         [-1.3326e-01, -4.5702e-02,  2.4321e-02,  ..., -1.3326e-01,\n","          -5.7865e-02,  2.2686e-01]]])\n","target: tensor([[[ 0.5503,  0.9444, -0.1450,  ...,  0.1992,  0.6602,  0.2193],\n","         [ 0.4013, -0.2646,  0.2076,  ..., -0.4022, -0.5177,  0.7101],\n","         [-0.7328, -0.1947,  0.2281,  ..., -0.0783, -0.1472,  0.1672]],\n","\n","        [[-0.0216, -0.1870, -0.1034,  ...,  0.2104, -0.0585,  0.4017],\n","         [-0.3073, -0.5179, -0.4387,  ..., -0.0833, -0.4043, -0.3059],\n","         [-0.4405,  0.0461, -0.1244,  ..., -0.5683, -0.1938, -0.0651]],\n","\n","        [[-0.5277,  0.0710,  0.4743,  ...,  0.1336, -0.2943,  0.4213],\n","         [-1.1937, -0.7126, -0.5167,  ..., -0.7518, -1.0040, -0.7499],\n","         [-0.1137, -0.7188,  0.2142,  ..., -0.6451, -0.4018, -0.5338]],\n","\n","        ...,\n","\n","        [[ 0.4101,  0.4015,  0.2541,  ...,  0.3568,  0.5362,  0.4247],\n","         [ 0.0147, -0.1957,  0.3901,  ...,  0.3164,  0.2989, -0.0104],\n","         [-0.2382,  0.1608, -0.9853,  ..., -0.7292, -0.5923, -0.1162]],\n","\n","        [[-0.1710, -0.2631,  0.1400,  ...,  0.1953, -0.6879, -0.4823],\n","         [ 0.4918,  0.6389,  0.5385,  ...,  0.4994,  0.3523,  0.5352],\n","         [-0.4238, -1.0286, -0.1574,  ...,  0.0758, -0.7692, -0.9176]],\n","\n","        [[-0.1161,  0.0797, -0.1236,  ..., -0.1311,  0.2532, -0.6980],\n","         [ 0.6898,  0.5007, -0.2578,  ...,  0.5907,  0.0022, -0.5507],\n","         [ 0.1915,  0.0075, -0.1657,  ...,  0.2011,  0.0118,  0.1557]]])\n","rotation_ab: tensor([[[ 0.7900, -0.6009,  0.1216],\n","         [ 0.6057,  0.7343, -0.3065],\n","         [ 0.0949,  0.3158,  0.9441]],\n","\n","        [[ 0.9331, -0.1856,  0.3081],\n","         [ 0.2733,  0.9227, -0.2718],\n","         [-0.2339,  0.3378,  0.9117]],\n","\n","        [[ 0.9887, -0.1219,  0.0876],\n","         [ 0.1500,  0.8300, -0.5373],\n","         [-0.0072,  0.5443,  0.8388]],\n","\n","        [[ 0.9172, -0.3965,  0.0398],\n","         [ 0.3850,  0.8562, -0.3446],\n","         [ 0.1026,  0.3313,  0.9379]],\n","\n","        [[ 0.9399, -0.1882,  0.2849],\n","         [ 0.3337,  0.6833, -0.6494],\n","         [-0.0725,  0.7055,  0.7050]],\n","\n","        [[ 0.7797, -0.2855,  0.5572],\n","         [ 0.5560,  0.7249, -0.4066],\n","         [-0.2879,  0.6269,  0.7240]],\n","\n","        [[ 0.9433, -0.0637,  0.3257],\n","         [ 0.1508,  0.9566, -0.2495],\n","         [-0.2956,  0.2845,  0.9119]],\n","\n","        [[ 0.6496, -0.3662,  0.6663],\n","         [ 0.5818,  0.8036, -0.1257],\n","         [-0.4894,  0.4693,  0.7350]],\n","\n","        [[ 0.9989, -0.0440,  0.0138],\n","         [ 0.0457,  0.9024, -0.4285],\n","         [ 0.0064,  0.4286,  0.9035]],\n","\n","        [[ 0.9451, -0.0234,  0.3258],\n","         [ 0.1022,  0.9685, -0.2270],\n","         [-0.3103,  0.2478,  0.9178]],\n","\n","        [[ 0.9263, -0.0857,  0.3670],\n","         [ 0.2045,  0.9323, -0.2983],\n","         [-0.3166,  0.3513,  0.8811]],\n","\n","        [[ 0.7154, -0.5076,  0.4802],\n","         [ 0.6959,  0.4565, -0.5544],\n","         [ 0.0622,  0.7308,  0.6798]],\n","\n","        [[ 0.8258, -0.0267,  0.5633],\n","         [ 0.3929,  0.7438, -0.5408],\n","         [-0.4045,  0.6679,  0.6247]],\n","\n","        [[ 0.7101, -0.4698,  0.5245],\n","         [ 0.7034,  0.4391, -0.5590],\n","         [ 0.0324,  0.7658,  0.6422]],\n","\n","        [[ 0.6552, -0.3426,  0.6733],\n","         [ 0.6074,  0.7688, -0.1999],\n","         [-0.4491,  0.5399,  0.7119]],\n","\n","        [[ 0.7299, -0.6742,  0.1124],\n","         [ 0.6260,  0.5933, -0.5061],\n","         [ 0.2745,  0.4398,  0.8551]],\n","\n","        [[ 0.8878, -0.2290,  0.3992],\n","         [ 0.2607,  0.9651, -0.0262],\n","         [-0.3792,  0.1273,  0.9165]],\n","\n","        [[ 0.8417, -0.1445,  0.5202],\n","         [ 0.4735,  0.6604, -0.5828],\n","         [-0.2594,  0.7369,  0.6243]],\n","\n","        [[ 0.9984, -0.0260,  0.0496],\n","         [ 0.0489,  0.8358, -0.5468],\n","         [-0.0272,  0.5484,  0.8358]],\n","\n","        [[ 0.6686, -0.4130,  0.6184],\n","         [ 0.5475,  0.8361, -0.0335],\n","         [-0.